0	[0.025329383090138435, -0.03770105168223381, 0.011467023752629757, 0.02586425468325615, 0.03549424931406975, -0.03252294287085533, 0.02330285869538784, -0.04814739152789116, -0.0019783424213528633, 0.060136906802654266, 0.01824258826673031, -0.025931745767593384, -0.029440712183713913, 0.0007063504890538752, 0.026361340656876564, -0.05041477084159851, 0.009018242359161377, -0.008639941923320293, -0.0276691522449255, 0.00015871197683736682]
1	[-0.0408075675368309, 0.01790347509086132, -0.011408274061977863, -0.035690948367118835, -0.03857266157865524, 0.03919041529297829, -0.016472937539219856, 0.032872963696718216, 0.000919085752684623, -0.0512157566845417, -0.010949200950562954, 0.025208575651049614, 0.012552899308502674, 0.01134238950908184, -0.029946627095341682, 0.025709910318255424, -0.003300837241113186, 0.026423856616020203, 0.0011999350972473621, -0.006816000211983919]
2	[-0.001146695576608181, -0.009845864027738571, 0.035460442304611206, -0.08263013511896133, -0.11034569144248962, 0.08843416720628738, -0.052590806037187576, 0.00026458408683538437, -0.10680045187473297, -0.08084554970264435, 0.04311768710613251, 0.006348748225718737, 0.07419497519731522, -0.008076919242739677, -0.12734225392341614, 0.05590302124619484, 0.06843562424182892, 0.05762360990047455, -0.0059532285667955875, 0.020314466208219528]
3	[-0.016323544085025787, -0.0021158396266400814, 0.003630627179518342, 0.011032712645828724, 0.0012755044735968113, 0.005480120424181223, 0.00066604238236323, -0.0005848289001733065, -0.010042944923043251, -0.01175680197775364, -0.010776745155453682, -0.012627808377146721, -0.019367622211575508, 0.02829541265964508, 0.0020697766449302435, 0.011216501705348492, 0.015245310962200165, 0.003333109663799405, -0.008123432286083698, 0.002152856905013323]
4	[0.04425765946507454, 0.08073586225509644, 0.19607968628406525, 0.04976031556725502, 0.0577661469578743, 0.0038815676234662533, 0.2564752995967865, 0.07051429152488708, 0.3811368942260742, 0.08010020107030869, 0.14086371660232544, 0.4875519871711731, 0.014282778836786747, 0.49324294924736023, 0.022033287212252617, 0.16566690802574158, 0.03912672400474548, 1.2855173349380493, 0.15759772062301636, -0.037120524793863297]
5	[-0.02025481127202511, -0.001980537548661232, -0.0343376100063324, 0.008168041706085205, 0.0017115433001890779, 0.003960745874792337, 0.009719164110720158, 0.02147486060857773, 0.013373155146837234, 2.4160373210906982, 0.010458987206220627, 0.002849542535841465, 0.00027898402186110616, -0.0061019351705908775, 0.00737284729257226, 0.00021526898490265012, -0.010998505167663097, 0.0006531793042086065, -0.03691978380084038, -0.04319213330745697]
6	[0.024971261620521545, -0.03384255990386009, -0.02218794822692871, 0.056724704802036285, 0.08672274649143219, -0.04733631759881973, 0.052857525646686554, 0.021972592920064926, 0.08852705359458923, 0.040022969245910645, -0.014521765522658825, 0.001435660757124424, -0.07166685163974762, 0.009938702918589115, 0.11065374314785004, -0.06840982288122177, -0.08001518249511719, -0.03590685501694679, 0.02178337797522545, -0.028900304809212685]
7	[-0.07182490080595016, 0.0029781139455735683, 0.16355054080486298, -0.045738477259874344, 0.021339556202292442, 0.039835233241319656, -0.05085830017924309, -0.2020501047372818, -0.06904473900794983, 0.10380370914936066, 0.011067080311477184, -0.0571848526597023, -0.006656047888100147, -0.008523867465555668, 0.4828454852104187, 0.12407340854406357, -3.6993730068206787, 0.14900259673595428, -0.0048896921798586845, 0.1833055317401886]
8	[-0.037226103246212006, 0.1003389060497284, -0.022493058815598488, 0.045955657958984375, -0.011339199729263783, 0.03909708186984062, 0.07107094675302505, 0.03981582447886467, 0.047408536076545715, -0.07987125217914581, -0.029434720054268837, 0.046566639095544815, -0.028821201995015144, 0.026670722290873528, 1.2283735275268555, 0.07577959448099136, 0.007325490936636925, -0.023696117103099823, -0.021456049755215645, -0.06275774538516998]
9	[-0.07869700342416763, -0.04665170609951019, -0.21260371804237366, -0.06910531967878342, -0.0782264992594719, 0.05141887441277504, -0.21343377232551575, -0.0988522544503212, -0.4210721552371979, -0.06112590804696083, -0.0580788291990757, -0.4761817753314972, -0.02576897293329239, -0.5076733827590942, 0.005442795809358358, -0.18229947984218597, -0.033450897783041, -1.2388955354690552, -0.21654732525348663, -0.02516116388142109]
10	[0.06131674721837044, 0.04438076913356781, -0.1714038997888565, 0.02083728089928627, -0.005173744633793831, -0.050196122378110886, 0.06826528161764145, 0.17713598906993866, 0.0668012723326683, -0.14042949676513672, -0.040083203464746475, 0.061339184641838074, -0.007237107492983341, 0.004034491255879402, -0.4937672019004822, -0.14538364112377167, 3.8024392127990723, -0.18736854195594788, -0.036549340933561325, -0.1625680923461914]
11	[0.048294663429260254, -0.07985667884349823, 0.05852218717336655, -0.021381864324212074, 0.009969574399292469, -0.05381320044398308, -0.0587577223777771, -0.049064043909311295, -0.07462692260742188, 0.0873858779668808, 0.006517388857901096, -0.03945646435022354, -0.000696858623996377, -0.034501709043979645, -1.1908892393112183, -0.047292862087488174, -0.010761980898678303, -0.013796445913612843, -0.014235946349799633, 0.08191770315170288]
12	[0.9951717853546143, 0.09486892074346542, 0.10282362252473831, -0.2503214478492737, -0.17168143391609192, 0.18397022783756256, 0.02676266059279442, 0.3452053964138031, -0.22327610850334167, 0.2808922827243805, 0.04782905802130699, 0.22184184193611145, -0.48370930552482605, 1.4009066820144653, 1.9595701694488525, -0.18107597529888153, 2.440612316131592, -1.960158109664917, 0.17870904505252838, -0.6786460280418396]
13	[-0.03130905330181122, -0.07164628803730011, 0.5070548057556152, -0.1411016434431076, 0.15007229149341583, -2.5026028156280518, 0.20249266922473907, -3.77412486076355, 0.005558259319514036, 0.7266932129859924, 0.12815618515014648, -0.11857699602842331, 0.01657518558204174, 0.43098175525665283, -1.4116417169570923, -0.2002466768026352, 2.037694215774536, -2.1907737255096436, 0.17314046621322632, -1.9657609462738037]
14	[-1.4990854263305664, -0.11757217347621918, -0.10442554205656052, 0.22825440764427185, 0.18116940557956696, -0.15764133632183075, 0.0010007573291659355, -0.277730256319046, 0.23358532786369324, -0.28566646575927734, -0.0707402154803276, -0.20722833275794983, 0.497707337141037, -2.547468900680542, -1.6731821298599243, 0.2001994550228119, -2.1370556354522705, 1.9139600992202759, -0.19288837909698486, 1.0186985731124878]
15	[0.09427425265312195, 0.1080063134431839, -3.6729767322540283, 0.10675600171089172, -0.09086383879184723, 2.307358980178833, -0.1784493774175644, 2.0477540493011475, 0.03891049325466156, -0.7715328335762024, -0.15118567645549774, 0.15130262076854706, -0.02814876288175583, -0.473678857088089, 1.3291606903076172, 0.15656062960624695, -1.7964969873428345, 2.120147466659546, -0.21872244775295258, 2.3044939041137695]
16	[0.02521679177880287, 0.003868241561576724, -0.020103324204683304, -0.017156019806861877, 0.041628800332546234, 0.03764418512582779, -0.012140188366174698, 0.030560869723558426, 0.004253476858139038, -0.01279386691749096, 0.0017016131896525621, -0.005302692763507366, 0.019081857055425644, 0.0008918505627661943, -0.02225315384566784, 0.003924275282770395, 0.03595796599984169, 0.014627785421907902, 0.013042638078331947, -0.00920084584504366]
17	[-0.04760587960481644, -0.03520629554986954, -0.018885497003793716, -0.046374425292015076, -0.030200669541954994, -0.05605155974626541, 0.0065130814909935, 0.023534825071692467, -0.06622711569070816, 0.013919848948717117, -0.06384292244911194, -0.009391766972839832, 8.584905624389648, -0.047422606498003006, 0.002238308545202017, -0.029412632808089256, 0.06202824413776398, 0.02093249373137951, 0.0030479230917990208, -0.008000780828297138]
