0	[0.38635239005088806, -0.04979835823178291, -0.27952903509140015, -0.10625452548265457, -1.268034815788269, -0.6910454034805298, 0.3598964810371399, 0.1891217678785324, -0.006537248380482197, 0.020234717056155205, -0.24504053592681885, 0.4561411738395691, -0.03436279296875, 1.1925922632217407, -0.5106807947158813, -0.7694435715675354, 1.0563067197799683, -1.7114957571029663, 0.6656016707420349, -1.5937793254852295]
1	[0.3077727258205414, -0.012076828628778458, -0.2454555630683899, -0.029986094683408737, -1.2925422191619873, -0.6927003860473633, 0.31012433767318726, 0.22435511648654938, -0.07558044791221619, 0.03861277550458908, -0.13997399806976318, 0.4452410936355591, -0.01737210713326931, 1.157577633857727, -0.511385977268219, -0.7234371304512024, 1.0780420303344727, -1.6834955215454102, 0.6033470630645752, -1.6048591136932373]
2	[0.8708589673042297, 0.16469542682170868, 0.8752288222312927, -0.08684533834457397, 1.0878729820251465, 1.0786775350570679, 0.5780515074729919, 0.003079598071053624, 0.5594311356544495, 0.3790912330150604, -1.3489999771118164, -1.0611213445663452, 0.8712297677993774, 0.14218902587890625, 0.37602606415748596, 0.44711175560951233, -0.49015623331069946, 2.2460947036743164, -0.20779037475585938, 1.6403393745422363]
3	[0.11375688016414642, -0.10895448923110962, 0.29710912704467773, -0.20704999566078186, -0.002127900253981352, 0.2975696325302124, 0.3427726924419403, -0.17561644315719604, 0.06694626808166504, 0.22190234065055847, -0.455163836479187, -0.05925355479121208, 0.40356647968292236, -0.05314095318317413, 0.35541290044784546, 0.4987463653087616, -0.29213711619377136, 0.1952154040336609, 0.12524910271167755, 0.38961881399154663]
4	[-0.3015730082988739, -0.45148614048957825, 0.27571752667427063, -0.8019654154777527, 1.148557186126709, 1.6047636270523071, -0.022874165326356888, -2.143197536468506, 0.9620773792266846, 1.733847975730896, 0.5318814516067505, 0.4611356556415558, 1.0308269262313843, -0.7286207675933838, -0.9359963536262512, 0.09328537434339523, 0.16112938523292542, -0.1080315113067627, -1.054857611656189, 0.9547024369239807]
5	[2.0514400005340576, 0.5791472792625427, -0.665829598903656, -0.8263432383537292, -1.231835961341858, -0.23638346791267395, 0.2355736494064331, 0.244314044713974, -0.4931027591228485, -0.009206702932715416, 0.8880672454833984, -0.7890222668647766, -0.4846000075340271, 1.585158348083496, -0.26275530457496643, -0.3206350803375244, 0.9732871651649475, -1.1267852783203125, 1.2743300199508667, -2.71881103515625]
6	[0.8775089979171753, 0.2585456073284149, 0.9070997834205627, -0.1494276076555252, 1.041124939918518, 1.0138946771621704, 0.6159338355064392, 0.12349745631217957, 0.5099825859069824, 0.3634405732154846, -1.2917307615280151, -1.3141902685165405, 0.9508501291275024, 0.04186396300792694, 0.41600388288497925, 0.47367894649505615, -0.6091872453689575, 2.2514209747314453, -0.19451138377189636, 1.5537104606628418]
7	[-0.8882713317871094, -0.03866202384233475, -0.27696889638900757, -0.035204507410526276, 1.3414576053619385, -1.6214479207992554, -0.11069783568382263, 1.3462625741958618, 0.9860780835151672, -0.4308883845806122, -0.42940452694892883, -0.45416900515556335, 0.47522130608558655, -0.5838966369628906, -1.0782612562179565, -0.2612168788909912, -0.07523009181022644, 2.213634490966797, -1.738835334777832, 1.7862907648086548]
8	[0.9318161010742188, -0.42401328682899475, -1.1300854682922363, 0.4723756015300751, -1.9367724657058716, -0.6044007539749146, -0.09755563735961914, 0.2663205564022064, -0.18889927864074707, 0.7121697664260864, 0.8543619513511658, -0.12557008862495422, 0.5836027264595032, 1.4197911024093628, 0.07403029501438141, -1.277308464050293, 1.0807908773422241, -2.029815912246704, 1.343125581741333, -1.3277357816696167]
9	[-0.17903676629066467, -0.23903967440128326, 0.08361032605171204, -0.8217133283615112, 1.0387526750564575, 1.337084412574768, -0.0661371499300003, -2.220925807952881, 0.9357472658157349, 1.9091891050338745, 0.5450625419616699, 0.575805127620697, 1.1932470798492432, -0.6774080991744995, -1.1153736114501953, 0.030693382024765015, 0.25221019983291626, -0.05558460205793381, -1.0041530132293701, 1.2472344636917114]
10	[-0.7358033061027527, -0.04488043114542961, -0.3273940682411194, 0.14460007846355438, 1.3810243606567383, -1.5933036804199219, -0.09190470725297928, 1.3718000650405884, 0.7985058426856995, -0.636654794216156, -0.5053155422210693, -0.355538547039032, 0.6318489909172058, -0.5226227045059204, -1.0246707201004028, -0.2792204022407532, -0.09805627912282944, 2.1272881031036377, -1.874246597290039, 1.8284562826156616]
11	[0.6872897148132324, -0.24372172355651855, -1.0405330657958984, 0.4310417175292969, -1.9096479415893555, -0.7687321305274963, -0.06683622300624847, 0.15438947081565857, -0.22421981394290924, 0.6708138585090637, 0.7158660888671875, -0.21007344126701355, 0.4224986433982849, 1.3596980571746826, -0.0036580294836312532, -1.1780380010604858, 1.0436575412750244, -2.1851470470428467, 1.5157370567321777, -1.259263038635254]
12	[1.6471890211105347, 0.10524531453847885, -0.09204424172639847, 0.40766966342926025, -0.546003520488739, 1.2038782835006714, 0.02483000047504902, 0.4589650630950928, -0.24755831062793732, 0.4790121018886566, -0.9928329586982727, -0.05681246891617775, -0.0728655681014061, 0.9021544456481934, 1.6310298442840576, -0.2499264031648636, -0.3741718828678131, 2.301114559173584, 0.4176618456840515, 1.9435415267944336]
13	[0.3421391248703003, 0.36621978878974915, -0.8630093336105347, -0.4091583490371704, -0.8478206396102905, 0.8548688888549805, -0.5622336864471436, 0.32954803109169006, 0.2474011927843094, 0.1800660789012909, 0.5253087878227234, 0.6938571333885193, -0.3868264853954315, 0.2505398392677307, 1.9908735752105713, -0.23860833048820496, -1.1361579895019531, -2.44150972366333, 0.8386742472648621, -1.7648117542266846]
14	[1.89449143409729, 0.032277364283800125, -0.26557955145835876, 0.40865838527679443, -0.37584805488586426, 1.2046838998794556, -0.149148628115654, 0.8599950075149536, -0.23424293100833893, 0.4509977698326111, -0.8501641750335693, 0.1047920510172844, -0.0831560268998146, 0.5077810883522034, 1.7604721784591675, -0.5137304663658142, -0.7232666015625, 2.122544288635254, 0.41806671023368835, 2.1778862476348877]
15	[-0.6195653676986694, -0.427502304315567, 0.68827223777771, 0.5103493332862854, 0.6355504989624023, -0.7565298080444336, 0.5548094511032104, -0.43773359060287476, -0.46176689863204956, -0.22566784918308258, -0.5388942956924438, -0.6159452795982361, 0.6047754287719727, -0.41156095266342163, -2.016629219055176, 0.10198638588190079, 1.0495328903198242, 2.4532811641693115, -0.5154088735580444, 1.9271318912506104]
16	[-0.29431450366973877, 1.2003884315490723, -0.767376184463501, 0.5429570078849792, 0.18735039234161377, -1.0418572425842285, -0.756800651550293, 0.5626586675643921, -0.08070628345012665, -0.9138733744621277, 1.0323526859283447, 0.3003920018672943, -1.2895737886428833, 0.39213353395462036, -1.2641555070877075, -1.4489840269088745, 0.4326939880847931, -1.345036506652832, -0.7272548079490662, -1.1180956363677979]
17	[0.5085519552230835, 0.4736950397491455, 2.2930994033813477, 0.23482243716716766, 0.8391594290733337, -1.2776601314544678, -1.0520787239074707, 0.37081480026245117, 0.797970712184906, 0.46059152483940125, -0.7084104418754578, -2.456068277359009, 0.00781993567943573, 2.0178914070129395, 0.7967607378959656, 1.4408667087554932, 0.9294067621231079, 0.1739138960838318, -0.041543398052453995, 0.7065308690071106]
